100 0 0 0 19 50 0 0 0.5
101 1  -0.189286 -0.195499 -1.16228  2.8 1.5 2.8 0 251.235 0 0 7 20 0 1 5 0 5 0 0 0.975772 0 0.5 9217 1 0 Samples\room\Texture\wallpaper.jpg
101 1  -1.03366 -0.456 -1.98726  1.5571 0.0923773 0.6 0 72.8963 0 0 7 20 1 1 0.97 0 0 0.5 0 0.52 0 0.27 9217 0 0 Samples\room\Texture\qtavolo3.jpg
101 1  -0.10826 -0.876 -1.04125  0.876404 0.01 1 0 71.1141 0 0 7 20 0 1 1.01828 0 0 0.51843 0 0.00633089 0.996 0.51118 9217 1 0 Samples\room\Texture\tappeto.jpg
101 1  1.00213 -0.25 -0.355893  0.734997 1.53268 0.01 0 70.8552 0 0 7 20 1 1 0.99 0 0 0.5 0 0.99 0 0.5 9217 0 0 Samples\room\Texture\door.jpg
101 1  -0.18519 -0.932 -1.17325  2.71926 0.01 2.75545 0 -19.4573 0 0 7 20 1 1 0.99 0 0 0.498016 0 0.99 0.99 0 9217 0 0 Samples\room\Texture\parquet.jpg
101 5  -1.16716 -0.2905 -1.50447  0.281529 0.281529 0.281529 -2.73368 38.1528 0 0 7 20 0 1 0.137475 0 0 0.5 0 0.196458 0 0.5 9218 1 0 Samples\room\Texture\steel.jpg
101 1  0.248489 -0.124 -2.2392  0.571409 0.551572 0.0306469 0 -21.1878 0 0 7 20 0 1 0.99 0 0 0.5 0 0.99 0 0.5 9217 0 1 Samples\room\Texture\imac.jpg
101 1  0.0973468 -0.453 -2.12587  1.68543 0.0923 0.564867 0 -18.1147 0 0 7 20 1 1 0.97 0 0 0.5 0 0.52 0 0.27 9217 0 0 Samples\room\Texture\qtavolo3.jpg
101 1  -1.70984 0.1185 -1.02069  0.469564 0.593899 0.01 0 71.3256 0 0 7 20 0 1 0.99 0 0 0.5 0 0.99 0 0.5 9217 0 0 Samples\room\Texture\quadro.jpg
101 6  -0.497805 0.032 -2.1062  0.22421 0.22421 0.22421 -89.3735 -43.2927 39.7143 0 7 20 0 1 0.8 0 0 0.5 0 0.8 0 0.5 9217 1 0 Samples\room\Texture\steel.jpg
101 2  -0.506811 0.047 -2.1137  0.0748169 0.0748169 0.0748169 0 -7.55813 0 0 1 16 0 0 
101 6  -0.191401 0.4275 -1.54144  0.375264 0.375264 0.375264 -87.0219 -4.076 0 0 7 20 0 1 0.8 0 0 0.5 0 0.8 0 0.5 9217 1 0 Samples\room\Texture\inox.jpg
101 2  -0.181491 0.5115 -1.54124  0.12496 0.12496 0.12496 0 -11.1484 0 0 7 20 1 0 
101 2  0.862028 -0.6925 -1.47749  0.249521 0.249521 0.249521 0 -53.6255 0 0 7 20 0 1 0.8 0 0 0.5 0 0.8 0 0.5 9217 0 0 Samples\room\Texture\ssantos.jpg
101 3  -1.08044 -0.378 -1.3275  0.0757674 0.0757674 0.0757674 89.0321 -1.56635 10.9434 0 7 20 0 1 0.681545 0.104026 0.0989328 0.469776 0.108687 0.694833 0 0.471858 9217 0 0 Samples\room\Texture\ciambella.jpg
101 1  -0.664602 -0.1235 -2.14468  0.01 0.489141 0.01 -7.34078 146.669 28.3885 0 0 20 0 0 
101 6  -0.742358 -0.381 -2.18465  0.159214 0.159214 0.159214 -83.0265 -2.37991 0 0 7 20 0 1 0.8 0 0 0.5 0 0.8 0 0.5 9217 1 0 Samples\room\Texture\steel.jpg
101 1  -1.22697 -0.6805 -1.34207  0.05 0.53 0.05 0 -11.2493 0 0 7 20 1 1 0.8 0 0 0.5 0 0.8 0 0.5 9217 0 0 Samples\room\Texture\qtavolo3.jpg
101 1  0.658626 -0.7215 -1.86375  0.05 0.53 0.05 0 -34.5137 0 0 7 20 1 1 0.8 0 0 0.5 0 0.8 0 0.5 9217 0 0 Samples\room\Texture\qtavolo3.jpg
101 1  -0.734084 -0.7435 -2.27248  0.05 0.53 0.05 0 -4.40716 0 0 7 20 1 1 0.8 0 0 0.5 0 0.8 0 0.5 9217 0 0 Samples\room\Texture\qtavolo3.jpg
101 1  -0.516394 0 0.191127  1.07279 0.979353 0.01 0 162.084 0 0 7 20 1 1 0.99 0 0 0.5 0 0.99 0 0.5 9217 0 0 Samples\room\Texture\window.jpg
101 1  0.116841 -0.371 -1.93793  0.397704 0.14081 0.01 -68.6757 -5.46097 -15.3876 0 7 20 0 1 0.99 0 0 0.5 0 0.99 0 0.5 9217 0 1 Samples\room\Texture\keyoard.jpg
101 1  0.496674 -0.4085 -1.8854  0.0827272 0.116421 0.01 -89.7436 0.206625 -16.54 0 7 20 0 1 0.99 0 0 0.5 0 0.99 0 0.5 9217 0 0 Samples\room\Texture\mmouse.jpg
101 1  -0.517587 0 0.183425  0.979353 0.906576 0.01 0.0164562 162.9 0 0 7 20 0 1 0.8 0 0 0.5 0 0.5 0 0.5 9218 0 0 Samples\room\Texture\paesaggio.jpg
101 1  -0.529159 0 0.176569  0.0172207 0.997877 0.01 0 163.029 269.664 0 7 20 1 1 0 0 0 0.5 0 0.8 0 0.5 9217 0 0 Samples\room\Texture\window.jpg
101 1  -0.540757 0 0.169037  0.0172207 0.941932 0.01 0 163.029 0 0 7 20 1 1 0 0 0 0.5 0 0.8 0 0.5 9217 0 0 Samples\room\Texture\window.jpg
102 0  -0.238439 0.6495 -1.47769 255 255 255 1 255 255 255 1 25 25 25 1 0 0 0 0 1 0 20 3 
102 1  -0.495646 0.015 -2.1898 255 0 0 1 255 0 0 1 255 0 0 1 0.470747 4.44402 0.393934 2 1 0 18 0 
102 2  0 1 0 0 255 0 1 0 255 0 1 0 255 0 1 0 0 0 0 0 1 20 3 
102 3  0 1 0 0 0 255 1 0 0 255 1 0 0 255 1 0 0 0 0 0 1 20 3 
102 4  0 1 0 255 255 255 1 255 255 255 1 255 255 255 1 0 0 0 0 0 1 20 3 
102 5  0 1 0 255 255 255 1 255 255 255 1 255 255 255 1 0 0 0 0 0 1 20 3 
102 6  0 1 0 255 255 255 1 255 255 255 1 255 255 255 1 0 0 0 0 0 1 20 3 
102 7  0 1 0 255 255 255 1 255 255 255 1 255 255 255 1 0 0 0 0 0 1 20 3 
103 0 Texture\skybox\museum\positive_x.jpg
103 1 Texture\skybox\museum\negative_x.jpg
103 2 Texture\skybox\museum\positive_y.jpg
103 3 Texture\skybox\museum\negative_y.jpg
103 4 Texture\skybox\museum\positive_z.jpg
103 5 Texture\skybox\museum\negative_z.jpg
