100 1 0 0 19 50 0 0 0.5
101 1  -0.189286 -0.195499 -1.16228  2.8 1.5 2.8 0 251.235 0 0 7 17 1 0 
101 1  -1.0226 -0.456 -2.01262  0.60095 0.0923773 1.55713 0 -19.3096 0 0 6 5 1 0 
101 1  -0.10826 -0.876 -1.04125  0.876404 0.01 1 0 71.1141 0 0 4 9 0 0 
101 1  1.00213 -0.268 -0.355893  0.734997 1.39649 0.01 0 70.8552 0 0 6 12 1 0 
101 1  -0.211336 -0.932 -1.15301  2.71926 0.01 2.75545 0 -19.4573 0 0 3 15 1 0 
101 5  -1.16716 -0.2905 -1.50447  0.281529 0.281529 0.281529 -2.73368 38.1528 0 0 0 9 1 0 
101 1  0.267501 -0.124 -2.26872  0.571409 0.551572 0.113883 0 -21.1878 0 0 4 10 1 0 
101 1  0.0973468 -0.453 -2.12587  1.68543 0.0923 0.564867 0 -18.1147 0 0 6 5 1 0 
101 1  -1.70984 0.1185 -1.02069  0.624158 0.601368 0.01 0 71.3256 0 0 2 3 1 0 
101 6  -0.497805 0.032 -2.1062  0.22421 0.22421 0.22421 -89.3735 -43.2927 39.7143 0 0 15 0 0 
101 2  -0.511457 0.047 -2.08191  0.0748169 0.0748169 0.0748169 0 -7.55813 0 0 1 16 0 0 
101 6  -0.191401 0.4275 -1.54144  0.375264 0.375264 0.375264 -87.0219 -4.076 0 0 5 18 0 0 
101 2  -0.181491 0.5115 -1.54124  0.12496 0.12496 0.12496 0 -11.1484 0 0 7 14 1 0 
101 2  0.862028 -0.6925 -1.47749  0.2495 0.2495 0.2495 0 -11.1484 0 0 1 16 0 0 
101 3  -1.08044 -0.378 -1.3275  0.0757674 0.0757674 0.0757674 89.0321 -1.56635 10.9434 0 2 3 1 0 
101 1  -0.664602 -0.1235 -2.14468  0.01 0.489141 0.01 -7.34078 146.669 28.3885 0 1 15 0 0 
101 6  -0.742358 -0.381 -2.18465  0.159214 0.159214 0.159214 -83.0265 -2.37991 0 0 4 15 0 0 
101 1  -1.22697 -0.6805 -1.34207  0.05 0.53 0.05 0 -11.2493 0 0 6 5 1 0 
101 1  0.658626 -0.7215 -1.86375  0.05 0.53 0.05 0 -34.5137 0 0 6 5 1 0 
101 1  -0.734084 -0.7435 -2.27248  0.05 0.53 0.05 0 -4.40716 0 0 6 5 1 0 
101 1  0.164914 -0.393 -2.04401  0.398177 0.01 0.221724 5.52153 -22.1358 1.32705 0 6 10 0 0 
101 1  0.242697 -0.0655 -2.21987  0.481672 0.327467 0.01 0 -21.656 0 0 2 0 0 0 
101 1  0.476815 -0.409 -1.92552  0.0639371 0.01 0.0703816 0 -7.92734 0 0 1 10 1 0 
101 1  -0.516394 0 0.191127  0.725436 0.979353 0.01 0 162.084 0 0 6 11 1 0 
102 0  -0.238439 0.6495 -1.47769 255 255 255 1 255 255 255 1 25 25 25 1 0 0 0 0 1 0 20 3 
102 1  -0.495646 0.015 -2.1898 255 0 0 1 255 0 0 1 255 0 0 1 0.470747 4.44402 0.393934 2 1 0 18 0 
102 2  0 1 0 0 255 0 1 0 255 0 1 0 255 0 1 0 0 0 0 0 1 20 3 
102 3  0 1 0 0 0 255 1 0 0 255 1 0 0 255 1 0 0 0 0 0 1 20 3 
102 4  0 1 0 255 255 255 1 255 255 255 1 255 255 255 1 0 0 0 0 0 1 20 3 
102 5  0 1 0 255 255 255 1 255 255 255 1 255 255 255 1 0 0 0 0 0 1 20 3 
102 6  0 1 0 255 255 255 1 255 255 255 1 255 255 255 1 0 0 0 0 0 1 20 3 
102 7  0 1 0 255 255 255 1 255 255 255 1 255 255 255 1 0 0 0 0 0 1 20 3 
103 0 Texture\skybox\museum\positive_x.jpg
103 1 Texture\skybox\museum\negative_x.jpg
103 2 Texture\skybox\museum\positive_y.jpg
103 3 Texture\skybox\museum\negative_y.jpg
103 4 Texture\skybox\museum\positive_z.jpg
103 5 Texture\skybox\museum\negative_z.jpg
