100 1 1 0 3 1000 0 1 -9.87805
101 2  -0.061 1.3115 -0.195  1 1 1 0 -0 0 0 4 0 1 0 
102 0  0 1 0 255 255 255 1 255 255 255 1 255 255 255 1 0 0 0 0 0 1 20 3 
102 1  0 1 0 255 0 0 1 255 0 0 1 255 0 0 1 0 0 0 2 1 1 20 3 
102 2  0 1 0 0 255 0 1 0 255 0 1 0 255 0 1 0 0 0.602331 2 1 1 20 3 
102 3  0 1 0 0 0 255 1 0 0 255 1 0 0 255 1 0 0 -0.70112 2 1 1 20 3 
102 4  0 1 0 0 255 255 1 0 255 255 1 0 255 255 1 0.547038 0 0 2 1 1 20 3 
102 5  0 1 0 255 0 255 1 255 0 255 1 255 0 255 1 -0.377901 -0.0870906 -0.018623 2 1 1 20 3 
102 6  0 1 0 255 255 255 1 255 255 255 1 255 255 255 1 0 0 0 0 0 1 20 3 
102 7  0 1 0 255 255 255 1 255 255 255 1 255 255 255 1 0 0 0 0 0 1 20 3 
103 0 Texture\skybox\nvlobby\positive_x.jpg
103 1 Texture\skybox\nvlobby\negative_x.jpg
103 2 Texture\skybox\nvlobby\positive_y.jpg
103 3 Texture\skybox\nvlobby\negative_y.jpg
103 4 Texture\skybox\nvlobby\positive_z.jpg
103 5 Texture\skybox\nvlobby\negative_z.jpg
