100 1 0 0 19 50 1 1 0.5
101 2  -3.39235 -0.139 3.12045  0.776297 0.776297 0.776297 0 80.5234 0 0 7 20 0 1 0.99 0 0 0.5 0 0.99 0 0.5 9217 0 0 Texture\planets\earthmap.jpg
101 2  -0.281317 -0.486 -2.74377  3.4079 3.4079 3.4079 0 193.496 0 0 7 20 0 1 0.999023 0 0 0.5 0 0.944637 0 0.554351 9217 0 0 Texture\planets\sun.jpg
101 2  1.79391 0 5.72897  1.44282 1.44282 1.44282 0 11.5755 0 0 7 20 0 1 0.99 0 0 0.5 0 0.99 0.348516 0.5 9217 0 0 Texture\planets\saturnmap.jpg
101 3  1.81761 0.076 5.75733  2.1 2.1 0.01 48.6913 183.706 0 0 7 20 0 1 0.63 0 0 0.5 0 0.63 0 0.5 9217 0 0 Texture\planets\saturn_Saturn_Rings_1__John_van_Vliet.jpg
101 2  5.94575 2.4115 -12.6546  2.68377 2.68377 2.68377 0 117.959 -23.2115 0 7 20 0 1 0.99 0 0 0.5 0 0.99 0 0.5 9217 0 0 Texture\planets\jupitermap.jpg
101 2  -2.29614 -1.502 -6.10351  0.763799 0.763799 0.763799 0 -17.7761 0 0 7 20 0 1 0.99 0 0 0.5 0 0.99 0 0.5 9217 0 0 Texture\planets\mercurymap.jpg
101 2  -4.19931 1.223 -2.83027  0.798261 0.798261 0.798261 0 -17.7761 0 0 7 20 0 1 0.99 0 0 0.5 0 0.99 0 0.5 9217 0 0 Texture\planets\venusmap.jpg
102 0  0.0810562 -0.5285 -2.05937 10 10 10 1 255 114 211 1 255 120 50 1 0 0 0 0 1 1 20 3 
102 1  -0.167873 3.1285 -2.43769 255 70 0 1 255 70 0 1 0 0 0 1 0 0 0 2 1 0 60 4 
102 2  0 1 0 0 255 0 1 0 255 0 1 0 255 0 1 0 0 0 0 0 1 20 3 
102 3  0 1 0 0 0 255 1 0 0 255 1 0 0 255 1 0 0 0 0 0 1 20 3 
102 4  0 1 0 255 255 255 1 255 255 255 1 255 255 255 1 0 0 0 0 0 1 20 3 
102 5  0 1 0 255 255 255 1 255 255 255 1 255 255 255 1 0 0 0 0 0 1 20 3 
102 6  0 1 0 255 255 255 1 255 255 255 1 255 255 255 1 0 0 0 0 0 1 20 3 
102 7  0 1 0 255 255 255 1 255 255 255 1 255 255 255 1 0 0 0 0 0 1 20 3 
103 0 Texture\Universo.jpg
103 1 Texture\Universo.jpg
103 2 Texture\Universo.jpg
103 3 Texture\Universo.jpg
103 4 Texture\Universo.jpg
103 5 Texture\Universo.jpg
